# DESCRIPTION: Verilator output: Timestamp data for --skip-identical.  Delete at will.
C "--cc --exe --build --trace-fst -DSIMULATION -Imips_core -f verilator_files --top-module mips_core verilator_main.cpp memory.cpp memory_driver.cpp -Wno-fatal"
S   9125392 55604580  1680902306   561052000  1680901325   551494000 "/home/linux/ieng6/cs148sp23/public/tools/oss-cad-suite/libexec/verilator_bin"
S      3318 201554897  1681334397   676320000  1681334397   676320000 "mips_core/alu.sv"
S     12777 215996553  1681423386   303225000  1681423386   303221000 "mips_core/branch_controller.sv"
S      4370 201554899  1681334397   686314000  1681334397   686314000 "mips_core/cache_bank.sv"
S      9378 201554900  1681334397   699315000  1681334397   699315000 "mips_core/d_cache.sv"
S     11937 201554901  1681334397   703317000  1681334397   703317000 "mips_core/decoder.sv"
S      1305 201554902  1681334397   705322000  1681334397   705322000 "mips_core/fetch_unit.sv"
S      2910 201554904  1681334397   722316000  1681334397   722316000 "mips_core/forward_unit.sv"
S      3412 201554905  1681334397   724319000  1681334397   724319000 "mips_core/glue_circuits.sv"
S      5375 201554906  1681334397   728316000  1681334397   728316000 "mips_core/hazard_controller.sv"
S      6922 201554907  1681423396   977402000  1681423396   977402000 "mips_core/i_cache.sv"
S      9771 201554908  1681334397   732309000  1681334397   732309000 "mips_core/memory_arbiter.sv"
S      1610 201554909  1681334397   734309000  1681334397   734309000 "mips_core/memory_interfaces.sv"
S     11071 201554910  1681334397   736316000  1681334397   736316000 "mips_core/mips_core.sv"
S        74 201554911  1681334397   738317000  1681334397   738317000 "mips_core/mips_core.svh"
S      2979 201554912  1681334397   740320000  1681334397   740320000 "mips_core/mips_core_interfaces.sv"
S      1845 201554913  1681334397   742321000  1681334397   742321000 "mips_core/mips_core_pkg.sv"
S      6334 201554914  1681334397   744320000  1681334397   744320000 "mips_core/pipeline_registers.sv"
S      1181 201554915  1681334397   747309000  1681334397   747309000 "mips_core/reg_file.sv"
T      7465 210084754  1681780103   386788000  1681780103   386788000 "obj_dir/Vmips_core.cpp"
T      5963 210084753  1681780103   369787000  1681780103   369787000 "obj_dir/Vmips_core.h"
T      2147 210084811  1681780104     9767000  1681780104     9767000 "obj_dir/Vmips_core.mk"
T       764 210084752  1681780103   357792000  1681780103   357792000 "obj_dir/Vmips_core__ConstPool_0.cpp"
T       687 210084751  1681780103   345789000  1681780103   345789000 "obj_dir/Vmips_core__Dpi.cpp"
T       938 210084750  1681780103   333788000  1681780103   333788000 "obj_dir/Vmips_core__Dpi.h"
T      5873 210084748  1681780103   314789000  1681780103   314789000 "obj_dir/Vmips_core__Syms.cpp"
T      3048 210084749  1681780103   321791000  1681780103   321791000 "obj_dir/Vmips_core__Syms.h"
T     65368 210084809  1681780103   989771000  1681780103   989771000 "obj_dir/Vmips_core__Trace__0.cpp"
T    182845 210084808  1681780103   976784000  1681780103   976784000 "obj_dir/Vmips_core__Trace__0__Slow.cpp"
T     29310 210084755  1681780103   399786000  1681780103   399786000 "obj_dir/Vmips_core___024root.h"
T    233090 210084777  1681780103   612780000  1681780103   612780000 "obj_dir/Vmips_core___024root__DepSet_h917a3913__0.cpp"
T    189021 210084775  1681780103   587794000  1681780103   587794000 "obj_dir/Vmips_core___024root__DepSet_h917a3913__0__Slow.cpp"
T     18843 210084778  1681780103   623780000  1681780103   623780000 "obj_dir/Vmips_core___024root__DepSet_hb58e9eb8__0.cpp"
T     33065 210084776  1681780103   599781000  1681780103   599781000 "obj_dir/Vmips_core___024root__DepSet_hb58e9eb8__0__Slow.cpp"
T       707 210084774  1681780103   567785000  1681780103   567785000 "obj_dir/Vmips_core___024root__Slow.cpp"
T       664 210084756  1681780103   409789000  1681780103   409789000 "obj_dir/Vmips_core___024unit.h"
T       531 210084780  1681780103   642787000  1681780103   642787000 "obj_dir/Vmips_core___024unit__DepSet_h525c4795__0__Slow.cpp"
T      2194 210084781  1681780103   654780000  1681780103   654780000 "obj_dir/Vmips_core___024unit__DepSet_hf44c8034__0.cpp"
T       707 210084779  1681780103   631786000  1681780103   631786000 "obj_dir/Vmips_core___024unit__Slow.cpp"
T      3287 210084812  1681780104    25767000  1681780104    25767000 "obj_dir/Vmips_core__ver.d"
T         0        0  1681780104    30792000  1681780104    30792000 "obj_dir/Vmips_core__verFiles.dat"
T       814 210084762  1681780103   481855000  1681780103   481855000 "obj_dir/Vmips_core_alu_input_ifc.h"
T       721 210084795  1681780103   810776000  1681780103   810776000 "obj_dir/Vmips_core_alu_input_ifc__DepSet_h93817648__0__Slow.cpp"
T       743 210084793  1681780103   798776000  1681780103   798776000 "obj_dir/Vmips_core_alu_input_ifc__Slow.cpp"
T       807 210084763  1681780103   492787000  1681780103   492787000 "obj_dir/Vmips_core_alu_output_ifc.h"
T       696 210082038  1681780103   834777000  1681780103   834777000 "obj_dir/Vmips_core_alu_output_ifc__DepSet_hcc27327e__0__Slow.cpp"
T       752 210084797  1681780103   822776000  1681780103   822776000 "obj_dir/Vmips_core_alu_output_ifc__Slow.cpp"
T       992 210084758  1681780103   433786000  1681780103   433786000 "obj_dir/Vmips_core_alu_pass_through_ifc.h"
T       949 210084786  1681780103   705781000  1681780103   705781000 "obj_dir/Vmips_core_alu_pass_through_ifc__DepSet_h51e121e3__0__Slow.cpp"
T       806 210084785  1681780103   694780000  1681780103   694780000 "obj_dir/Vmips_core_alu_pass_through_ifc__Slow.cpp"
T       774 210084773  1681780103   557784000  1681780103   557784000 "obj_dir/Vmips_core_branch_decoded_ifc.h"
T       625 210084807  1681780103   957770000  1681780103   957770000 "obj_dir/Vmips_core_branch_decoded_ifc__DepSet_hf31889ee__0__Slow.cpp"
T       788 210084806  1681780103   946771000  1681780103   946771000 "obj_dir/Vmips_core_branch_decoded_ifc__Slow.cpp"
T       784 210084757  1681780103   421788000  1681780103   421788000 "obj_dir/Vmips_core_cache_output_ifc.h"
T       653 210084783  1681780103   677779000  1681780103   677779000 "obj_dir/Vmips_core_cache_output_ifc__DepSet_h476799f3__0__Slow.cpp"
T       770 210084782  1681780103   664785000  1681780103   664785000 "obj_dir/Vmips_core_cache_output_ifc__Slow.cpp"
T      3218 210084810  1681780103   998771000  1681780103   998771000 "obj_dir/Vmips_core_classes.mk"
T       872 210084765  1681780103   508783000  1681780103   508783000 "obj_dir/Vmips_core_d_cache_input_ifc.h"
T       787 210084799  1681780103   858772000  1681780103   858772000 "obj_dir/Vmips_core_d_cache_input_ifc__DepSet_hc0cb94c1__0__Slow.cpp"
T       779 210084798  1681780103   846776000  1681780103   846776000 "obj_dir/Vmips_core_d_cache_input_ifc__Slow.cpp"
T       898 210084759  1681780103   447791000  1681780103   447791000 "obj_dir/Vmips_core_d_cache_pass_through_ifc.h"
T       783 210084788  1681780103   733776000  1681780103   733776000 "obj_dir/Vmips_core_d_cache_pass_through_ifc__DepSet_hf998b9b3__0__Slow.cpp"
T       842 210084787  1681780103   725775000  1681780103   725775000 "obj_dir/Vmips_core_d_cache_pass_through_ifc__Slow.cpp"
T      1199 210084767  1681780103   518791000  1681780103   518791000 "obj_dir/Vmips_core_decoder_output_ifc.h"
T      1288 210084801  1681780103   882773000  1681780103   882773000 "obj_dir/Vmips_core_decoder_output_ifc__DepSet_h842f1388__0__Slow.cpp"
T       788 210084800  1681780103   870776000  1681780103   870776000 "obj_dir/Vmips_core_decoder_output_ifc__Slow.cpp"
T       772 210084761  1681780103   469782000  1681780103   469782000 "obj_dir/Vmips_core_hazard_control_ifc.h"
T       621 210084792  1681780103   785775000  1681780103   785775000 "obj_dir/Vmips_core_hazard_control_ifc__DepSet_hd5e5b6ad__0__Slow.cpp"
T       788 210084791  1681780103   771776000  1681780103   771776000 "obj_dir/Vmips_core_hazard_control_ifc__Slow.cpp"
T       698 210084772  1681780103   542786000  1681780103   542786000 "obj_dir/Vmips_core_pc_ifc.h"
T       573 210084805  1681780103   934773000  1681780103   934773000 "obj_dir/Vmips_core_pc_ifc__DepSet_h70e07b49__0__Slow.cpp"
T       680 210084804  1681780103   923771000  1681780103   923771000 "obj_dir/Vmips_core_pc_ifc__Slow.cpp"
T       808 210084770  1681780103   531784000  1681780103   531784000 "obj_dir/Vmips_core_reg_file_output_ifc.h"
T       671 210084803  1681780103   905773000  1681780103   905773000 "obj_dir/Vmips_core_reg_file_output_ifc__DepSet_h2f6d4764__0__Slow.cpp"
T       797 210084802  1681780103   893778000  1681780103   893778000 "obj_dir/Vmips_core_reg_file_output_ifc__Slow.cpp"
T       803 210084760  1681780103   456790000  1681780103   456790000 "obj_dir/Vmips_core_write_back_ifc.h"
T       692 210084790  1681780103   759781000  1681780103   759781000 "obj_dir/Vmips_core_write_back_ifc__DepSet_h89be1f14__0__Slow.cpp"
T       752 210084789  1681780103   745776000  1681780103   745776000 "obj_dir/Vmips_core_write_back_ifc__Slow.cpp"
S       440 201555004  1681334397   962303000  1681334397   962303000 "verilator_files"
